221 -1.2079 -1.5888 -1.5724 2.2354 0.005351 0.005230 0.005295 0.2841 0.2812 0.400 -0.9034 -0.8829 -0.894 0.001 -1.787 -1.787
222 -1.2707 -1.3609 -1.3475 1.9152 0.005283 0.005175 0.005229 0.2457 0.2433 0.346 -0.8926 -0.8742 -0.883 -0.000 -1.767 -1.767
223 -1.3037 -1.2284 -1.2164 1.7288 0.005108 0.005004 0.005055 0.2233 0.2211 0.314 -0.8631 -0.8455 -0.854 -0.000 -1.709 -1.709
225 -1.3751 -0.9109 -0.9022 1.2821 0.004325 0.004237 0.004280 0.1696 0.1680 0.239 -0.7316 -0.7166 -0.724 -0.000 -1.448 -1.448
226 -1.4093 -0.7439 -0.7369 1.0471 0.003732 0.003656 0.003694 0.1413 0.1400 0.199 -0.6322 -0.6194 -0.626 0.000 -1.252 -1.252
227 -1.4278 -0.6503 -0.6442 0.9153 0.003358 0.003290 0.003324 0.1255 0.1243 0.177 -0.5699 -0.5584 -0.564 0.000 -1.128 -1.128
228 -1.4523 -0.5211 -0.5163 0.7336 0.002822 0.002766 0.002794 0.1035 0.1026 0.146 -0.4812 -0.4716 -0.476 0.000 -0.953 -0.953
229 -1.4652 -0.4503 -0.4462 0.6339 0.002542 0.002492 0.002517 0.0914 0.0906 0.129 -0.4353 -0.4267 -0.431 -0.000 -0.862 -0.862
230 -1.4818 -0.3523 -0.3492 0.4960 0.002218 0.002174 0.002196 0.0745 0.0739 0.105 -0.3834 -0.3760 -0.380 -0.000 -0.759 -0.759
231 -1.4907 -0.2932 -0.2906 0.4129 0.002088 0.002049 0.002067 0.0643 0.0637 0.091 -0.3639 -0.3572 -0.360 -0.000 -0.721 -0.721
232 -1.5008 -0.2109 -0.2083 0.2964 0.002033 0.001996 0.001999 0.0498 0.0493 0.070 -0.3587 -0.3523 -0.353 -0.003 -0.708 -0.708
235 -1.5016 -0.1052 0.1125 0.1540 0.003389 0.003577 0.001341 0.0308 -0.0082 0.032 -0.6098 -0.6469 -0.245 -0.382 -0.874 -0.874
236 -1.4699 -0.2457 0.4801 0.5393 0.005320 0.005696 -0.000065 0.0555 -0.0746 0.093 -0.9561 -1.0348 0.002 -0.956 -1.035 -1.035
237 -1.3820 -0.6921 1.1101 1.3082 0.007657 0.007942 -0.002122 0.1347 -0.1885 0.232 -1.3698 -1.4481 0.369 -1.038 -1.780 -1.780
238 -1.1987 -1.3173 1.9671 2.3675 0.008789 0.007952 -0.002643 0.2453 -0.3444 0.423 -1.5664 -1.4642 0.460 -1.052 -1.978 -1.978
239 -0.9102 -1.9006 2.5805 3.2049 0.006243 0.003622 -0.000169 0.3480 -0.4572 0.575 -1.1013 -0.6939 0.017 -0.693 -1.102 -1.102
240 -0.5900 -1.9259 2.5375 3.1856 0.001722 -0.002534 0.003894 0.3505 -0.4526 0.572 -0.2890 0.4166 -0.711 0.857 -0.730 0.857
241 -0.3077 -1.4582 1.8468 2.3530 -0.002153 -0.006228 0.006160 0.2646 -0.3306 0.423 0.4035 1.0946 -1.115 1.916 -0.418 1.916
242 -0.1274 -0.8099 0.9997 1.2866 -0.002986 -0.005689 0.005221 0.1468 -0.1794 0.232 0.5468 1.0117 -0.944 1.751 -0.193 1.751
243 -0.0415 -0.3323 0.4067 0.5252 -0.001901 -0.003245 0.002890 0.0602 -0.0732 0.095 0.3464 0.5804 -0.522 0.999 -0.072 0.999
